1 8.000000 -8.000000 0.000000
2 15.723836 -15.723836 -0.000000
3 15.181863 -7.181863 -8.000000
4 22.658251 -6.934165 -15.724085
5 29.878273 -14.695467 -15.182804
6 36.852001 -14.190701 -22.661297
7 43.589993 -21.704742 -21.885246
8 50.101974 -20.963814 -29.138155
9 48.398232 -12.250955 -36.147270
10 46.752392 -3.834395 -42.917988
11 53.164032 -3.704153 -49.459869
12 59.366798 -11.578976 -47.787811
13 65.365189 -11.188716 -54.176464
14 71.173401 -10.813753 -60.359642
15 76.800728 -10.453563 -66.347153
16 82.256058 -10.107615 -72.148430
17 79.547867 -1.775375 -77.772476
18 84.931526 -9.717095 -75.214417
19 90.144630 -9.398850 -80.745766
20 95.206184 -17.093233 -78.112938
21 100.111649 -24.538937 -75.572701
22 104.868889 -23.745762 -81.123116
23 109.494507 -22.983797 -86.510704
24 105.994957 -30.251780 -75.743172
25 110.581802 -29.279697 -81.302094
26 115.044350 -36.345665 -78.698669
27 119.379044 -35.190456 -84.188576
28 123.600494 -34.080109 -89.520370
29 119.714195 -25.012819 -94.701355
30 123.941559 -32.228443 -91.713097
31 128.049164 -31.220741 -96.828400
32 132.054733 -30.252058 -101.802650
33 127.963089 -21.320766 -106.642296
34 131.989212 -20.663591 -111.325592
35 135.918457 -20.031824 -115.886597
36 123.755226 -19.424370 -104.330818
37 127.890121 -18.821854 -109.068230
38 131.923431 -26.242733 -105.680656
39 127.842506 -17.436901 -110.405563
40 123.880096 -8.900932 -114.979118
41 128.036240 -8.627240 -119.408958
42 132.091034 -16.364151 -115.726845
43 136.027908 -15.865696 -120.162178
44 131.872452 -7.386406 -124.486008
45 135.838455 -7.163136 -128.675278
46 139.711716 -14.948422 -124.763252
47 135.472931 -6.500619 -128.972260
48 139.356705 -6.305744 -133.050919
49 135.151398 1.881705 -137.033066
50 131.069504 -6.174252 -124.895218
51 127.058136 2.012465 -129.070572
52 131.167801 1.951608 -133.119385
53 135.179230 1.893085 -137.072296
54 131.096741 9.836794 -140.933502
55 135.137115 9.544323 -144.681412
56 139.082886 9.262930 -148.345795
57 142.938095 8.992129 -151.930206
58 138.706543 16.731459 -155.437988
59 142.600052 8.246344 -150.846375
60 130.373032 16.006891 -146.379913
61 134.453491 7.533657 -141.987137
62 138.407562 -0.689304 -137.718246
63 142.242188 -8.668893 -133.573273
64 145.964005 -8.412176 -137.551804
65 149.603500 -8.165155 -141.438309
66 153.164139 -7.927407 -145.236694
67 156.649200 -7.698526 -148.950638
68 160.061768 -7.478126 -152.583603
69 163.404770 -7.265838 -156.138885
70 166.680939 -7.061309 -159.619583
71 169.892883 -6.864205 -163.028641
72 173.043076 -6.674206 -166.368820
73 176.133820 -6.491009 -169.642776
74 179.167343 -6.314322 -172.852982
75 182.145721 -6.143868 -176.001816
76 185.070938 -5.979387 -179.091507
77 187.944855 -5.820625 -182.124191
78 182.769272 -13.667344 -169.101898
79 177.653793 -5.298442 -172.355316
80 180.664001 -5.155023 -175.508942
81 183.619919 -5.016639 -178.603241
82 186.523483 -4.883080 -181.640366
83 189.376526 -4.754143 -184.622345
84 192.180801 -4.629635 -187.551117
85 194.937943 -4.509374 -190.428528
86 189.649536 3.606816 -193.256317
87 184.486328 11.513550 -195.999832
88 187.449646 11.214846 -198.664444
89 190.360336 10.926239 -201.286530
90 193.220200 10.647317 -203.867477
91 196.030945 2.377687 -198.408585
92 198.755539 2.317230 -201.072723
93 193.435593 10.258780 -203.694321
94 196.240829 9.999002 -206.239792
95 190.998749 17.747816 -208.746536
96 193.882751 17.300257 -211.182983
97 196.716660 16.867434 -213.584076
98 199.502136 8.448761 -207.950882
99 202.199768 8.238097 -210.437851
100 204.853592 8.034303 -212.887878
